172.16.0.1_443_192.168.10.51_48877_TCP_2017-07-05 09:43:01
2017-07-05 09:43:01
172.16.0.1
443
192.168.10.51
48877
TCP
0.0
1
0
1
0
0
0
0
0
0.0
0.0
0.0
0
0
0.0
0.0
0.0
0
0
0.0
0.0
0.0
20
20
20
20.0
0.0
0
0
0
0.0
0.0
20
20
20
20.0
0.0
0.0
0.0
0.0
0
0
0.0
0.0
0.0
0.0
0.0
0.0
0.0
0.0
0.0
0.0
0.0
0.0
0.0
0.0
0.0
0.0
0.0
0.0
0.0
0.0
0.0
0
0
0
0.0
0
0
0
0.0
0
0
0
0
0
0
0
1
0
0
0
0
0
0
0
0
0
0
0
0
0
0
0
1
1499262181.55124
0.0
1499262181.55124
1499262181.55124
1499262181.55124
0.0
0.0
0.0
0.0
0.0
1499262181.55124
0.0
1499262181.55124
1499262181.55124
1499262181.55124
0.0
0.0
0.0
0.0
DoS_Hulk
